437792
441768
436096
435766
435997
438670
437837
839041
250933
435718
436441
436863
437809
319625
552539
436984
436323
435776
438025
437790
15988
20414
65584
61429
506076
11376
11121
10956
506092
25111
340853
446560
446563
366220
366221
366222
366223
366224
366225
390388
390389
362264
362265
10163
385073
385074
385075
12822
12823
635401
701989
10557
719486
12670
438009
437881
437999
437990
437991
437993
437994
437995
437996
437997
437998
358095
20421
671046
53462
78670
339751
383862
334083
765967